ns 1 1 1000000 0 1 2 1 9 1 64
1 1 
0 
thk 1 1 1000000 -1000000 0 2 1 0 1 64
1 32 
0 
gap 1 1 9.99999984307e+17 -9.99999984307e+17 0 2 1 0 1 64
1 0 
0 
theta 1 1 1000000 -1000000 0 2 1 8 1 64
1 0 
0 
psi 1 1 1000000 -1000000 0 2 1 8 1 64
1 0 
0 
phi 1 1 1000000 -1000000 0 2 1 8 1 64
1 90 
0 
lpe 1 1 1000000 -1000000 0 2 1 0 1 64
1 2.4 
0 
lro 1 1 1000000 -1000000 0 2 1 0 1 64
1 2.4 
0 
lpe2 1 1 1000000 -1000000 0 2 1 0 1 64
1 3.2 
0 
ppe 1 1 1000000 -1000000 0 2 1 0 1 64
1 -0.08 
0 
pro 1 1 1000000 -1000000 0 2 1 0 1 64
1 0 
0 
ppe2 1 1 1000000 -1000000 0 2 1 0 1 64
1 0 
0 
pss0 1 1 9.99999984307e+17 -9.99999984307e+17 0 2 1 0 1 64
1 0 
0 
pss 1 1 1000000 -1000000 0 2 1 264 1 64
1 0 
0 
radialAngles 1 1 9.99999984307e+17 -9.99999984307e+17 0 4 1 0 1 64
1 361 
0 
nv2 1 1 1000000 0 1 2 1 9 1 64
1 128 
0 
mpro 1 1 9.99999984307e+17 -9.99999984307e+17 0 2 1 256 1 64
1 0 
0 
mppe 1 1 9.99999984307e+17 -9.99999984307e+17 0 2 1 256 1 64
1 0 
0 
mpss 1 1 9.99999984307e+17 -9.99999984307e+17 0 2 1 256 1 64
1 0 
0 
vtheta 1 1 9.99999984307e+17 -9.99999984307e+17 0 2 1 8 1 64
1 0 
0 
vpsi 1 1 9.99999984307e+17 -9.99999984307e+17 0 2 1 8 1 64
1 0 
0 
vphi 1 1 9.99999984307e+17 -9.99999984307e+17 0 2 1 8 1 64
1 0 
0 
pos1 1 1 1000000 -1000000 0 2 1 0 1 64
1 0.423728823662 
0 
pos2 1 1 1000000 -1000000 0 2 1 0 1 64
1 0.677966117859 
0 
pos3 1 1 1000000 -1000000 0 2 1 0 1 64
1 0 
0 
vox1 1 1 1000000 -1000000 0 2 1 0 1 64
1 5 
0 
vox2 1 1 1000000 -1000000 0 2 1 0 1 64
1 5 
0 
vox3 1 1 1000000 -1000000 0 2 1 0 1 64
1 5 
0 
stheta 1 1 1000000 -1000000 0 2 1 0 1 64
1 90 
0 
spsi 1 1 1000000 -1000000 0 2 1 0 1 64
1 0 
0 
sphi 1 1 1000000 -1000000 0 2 1 0 1 64
1 0 
0 
satpos 1 1 9.99999984307e+17 -9.99999984307e+17 0 2 1 0 1 64
1 0 
0 
satthk 1 1 9.99999984307e+17 -9.99999984307e+17 0 2 1 0 1 64
1 5 
0 
orient 2 2 0 0 0 2 1 8 1 64
1 "trans90"
14 "trans" "sag" "cor" "oblique" "3orthogonal" "xyz" "xzy" "yxz" "yzx" "zxy" "zyx" "sag90" "cor90" "trans90" 
prescribed 2 2 8 0 0 2 1 0 1 64
1 "y"
0 
iplanDefaultType 1 1 9.99999984307e+17 -9.99999984307e+17 0 2 1 0 1 64
1 2 
0 
iplanType 1 1 9.99999984307e+17 -9.99999984307e+17 0 2 1 0 1 64
1 2 
0 
scoutpaths 2 2 8 0 0 2 1 0 1 64
1 "/home/uscheven/vnmrsys/data/Ogden_SS/20220124/silicone_0020_5mmhole01/0843_ogden_gems_reference_32_slices01.img"
0 
scoutnodes 2 2 8 0 0 2 1 0 1 64
1 ""
0 
scoutpath 2 2 8 0 0 2 1 0 1 64
1 "/home/uscheven/vnmrsys/data/Ogden_SS/20220124/silicone_0020_5mmhole01/0843_ogden_gems_reference_32_slices01.img"
0 
