ns 1 1 1000000 0 1 2 1 9 1 64
1 3 
0 
thk 1 1 1000000 -1000000 0 2 1 0 1 64
1 2.0000000298 
0 
gap 1 1 9.99999984307e+17 -9.99999984307e+17 0 2 1 0 1 64
1 0.09999999702 
0 
theta 1 1 1000000 -1000000 0 2 1 8 1 64
3 0 90 90 
0 
psi 1 1 1000000 -1000000 0 2 1 8 1 64
3 0 0 90 
0 
phi 1 1 1000000 -1000000 0 2 1 8 1 64
3 0 0 0 
0 
lpe 1 1 100 0.2 0 2 1 0 1 64
1 10 
0 
lro 1 1 100 0.2 0 2 1 0 1 64
1 10 
0 
lpe2 1 1 1000000 -1000000 0 2 1 0 1 64
1 0 
0 
ppe 1 1 1000000 -1000000 0 2 1 0 1 64
1 0 
0 
pro 1 1 1000000 -1000000 0 2 1 0 1 64
1 0 
0 
ppe2 1 1 1000000 -1000000 0 2 1 0 1 64
1 0 
0 
pss0 1 1 9.99999984307e+17 -9.99999984307e+17 0 2 1 0 1 64
1 0 
0 
pss 1 1 1000000 -1000000 0 2 1 264 1 64
3 -0.3 0 0.3 
0 
radialAngles 1 1 9.99999984307e+17 -9.99999984307e+17 0 4 1 0 1 64
1 361 
0 
nv2 1 1 1000000 0 1 2 1 9 1 64
1 0 
0 
mpro 1 1 9.99999984307e+17 -9.99999984307e+17 0 2 1 256 1 64
1 0 
0 
mppe 1 1 9.99999984307e+17 -9.99999984307e+17 0 2 1 256 1 64
1 0 
0 
mpss 1 1 9.99999984307e+17 -9.99999984307e+17 0 2 1 256 1 64
1 0 
0 
vtheta 1 1 1000000 -1000000 0 2 1 0 1 64
1 0 
0 
vpsi 1 1 1000000 -1000000 0 2 1 0 1 64
1 0 
0 
vphi 1 1 1000000 -1000000 0 2 1 0 1 64
1 0 
0 
pos1 1 1 1000000 -1000000 0 2 1 0 1 64
1 0 
0 
pos2 1 1 1000000 -1000000 0 2 1 0 1 64
1 0 
0 
pos3 1 1 1000000 -1000000 0 2 1 0 1 64
1 0 
0 
vox1 1 1 1000000 -1000000 0 2 1 0 1 64
1 0 
0 
vox2 1 1 1000000 -1000000 0 2 1 0 1 64
1 0 
0 
vox3 1 1 1000000 -1000000 0 2 1 0 1 64
1 0 
0 
stheta 1 1 1000000 -1000000 0 2 1 256 1 64
1 90 
0 
spsi 1 1 1000000 -1000000 0 2 1 256 1 64
1 0 
0 
sphi 1 1 1000000 -1000000 0 2 1 256 1 64
1 0 
0 
satpos 1 1 1000000 -1000000 0 2 1 0 1 64
1 0 
0 
satthk 1 1 1000000 -1000000 0 2 1 256 1 64
1 5 
0 
orient 2 2 0 0 0 2 1 8 1 64
1 "3orthogonal"
14 "trans" "sag" "cor" "oblique" "3orthogonal" "xyz" "xzy" "yxz" "yzx" "zxy" "zyx" "sag90" "cor90" "trans90" 
prescribed 2 2 8 0 0 2 1 0 1 64
1 "y"
0 
iplanDefaultType 1 1 9.99999984307e+17 -9.99999984307e+17 0 2 1 0 1 64
1 0 
0 
iplanType 1 1 9.99999984307e+17 -9.99999984307e+17 0 2 1 0 1 64
1 0 
0 
scoutpaths 2 2 8 0 0 2 1 0 1 64
1 "/home/paul/vnmrsys/data/s_2010080601/scout_01.img"
0 
scoutnodes 2 2 8 0 0 2 1 0 1 64
1 ""
0 
scoutpath 2 2 8 0 0 2 1 0 1 64
1 "/home/paul/vnmrsys/data/s_2010080601/scout_01.img"
0 
